#B	Created:	19.11.2025 10:16:27
##	Version	SeaStar	9.64
#5	Field separation:	0
#2	Date & Time:	1
#6	Decimal point:	,
#7	Date def.:	dd.mm.yyyy	.
#8	Time def.:	:
##	Axis	0	Temperature(°C)	clRed	FALSE
##	Axis	1	Salinity(psu)	clGreen	FALSE
##	Axis	2	Conductivity(mS/cm)	$00FF80FF	FALSE
##	Axis	3	Sound Velocity(m/sec)	$00404080	FALSE
##	Series	0	Temp(°C)	clRed	0	Temp(°C)	2
##	Series	1	Salinity(psu)	clGreen	1	Salinity(psu)	2
##	Series	2	Conduct(mS/cm)	$00FF80FF	2	Conduct(mS/cm)	2
##	Series	3	Sound Velocity(m/sec)	$00404080	3	Velocity(m/sec)	2
##	Recorder	1	DST CTD	13774
##	Chart	1S13774DAT	
#D	Data:	1036	28.04.2025 00:00:00	19.05.2025 13:30:00
1	28.04.2025 00:00:00	20,99	0,01	0,01	1484,80
2	28.04.2025 00:30:00	20,79	0,01	0,01	1484,18
3	28.04.2025 01:00:00	20,58	0,01	0,00	1483,55
4	28.04.2025 01:30:00	20,38	0,01	0,01	1482,92
5	28.04.2025 02:00:00	20,23	0,01	0,01	1482,47
6	28.04.2025 02:30:00	20,08	0,01	0,01	1482,01
7	28.04.2025 03:00:00	19,94	0,01	0,01	1481,55
8	28.04.2025 03:30:00	19,85	0,01	0,01	1481,28
9	28.04.2025 04:00:00	19,76	0,01	0,01	1481,00
10	28.04.2025 04:30:00	19,64	0,01	0,00	1480,63
11	28.04.2025 05:00:00	19,55	0,01	0,00	1480,35
12	28.04.2025 05:30:00	19,46	0,01	0,00	1480,07
13	28.04.2025 06:00:00	19,38	0,01	0,01	1479,79
14	28.04.2025 06:30:00	19,35	0,01	0,00	1479,70
15	28.04.2025 07:00:00	19,52	0,01	0,01	1480,26
16	28.04.2025 07:30:00	19,85	0,01	0,01	1481,28
17	28.04.2025 08:00:00	19,70	0,01	0,01	1480,82
18	28.04.2025 08:30:00	18,96	0,01	0,01	1478,48
19	28.04.2025 09:00:00	18,34	0,01	0,00	1476,48
20	28.04.2025 09:30:00	17,51	0,01	0,00	1473,74
21	28.04.2025 10:00:00	16,97	0,01	0,00	1471,95
22	28.04.2025 10:30:00	16,40	0,01	0,00	1470,02
23	28.04.2025 11:00:00	15,82	0,01	0,00	1468,05
24	28.04.2025 11:30:00	15,31	0,01	0,00	1466,25
25	28.04.2025 12:00:00	14,82	0,01	0,00	1464,54
26	28.04.2025 12:30:00	14,39	0,01	0,00	1463,01
27	28.04.2025 13:00:00	14,02	0,01	0,00	1461,69
28	28.04.2025 13:30:00	13,65	0,01	0,00	1460,34
29	28.04.2025 14:00:00	13,34	0,01	0,00	1459,21
30	28.04.2025 14:30:00	13,09	0,01	0,00	1458,29
31	28.04.2025 15:00:00	12,90	0,01	0,00	1457,60
32	28.04.2025 15:30:00	12,74	0,01	0,00	1457,02
33	28.04.2025 16:00:00	12,62	0,01	0,00	1456,55
34	28.04.2025 16:30:00	12,52	0,01	0,00	1456,20
35	28.04.2025 17:00:00	12,40	0,01	0,00	1455,73
36	28.04.2025 17:30:00	13,18	0,01	0,00	1458,64
37	28.04.2025 18:00:00	14,14	0,01	0,00	1462,13
38	28.04.2025 18:30:00	15,00	0,01	0,00	1465,19
39	28.04.2025 19:00:00	15,76	0,01	0,00	1467,84
40	28.04.2025 19:30:00	16,46	0,01	0,00	1470,22
41	28.04.2025 20:00:00	17,00	0,01	0,00	1472,05
42	28.04.2025 20:30:00	17,48	0,01	0,00	1473,64
43	28.04.2025 21:00:00	17,78	0,01	0,00	1474,63
44	28.04.2025 21:30:00	18,01	0,01	0,00	1475,41
45	28.04.2025 22:00:00	18,22	0,01	0,00	1476,09
46	28.04.2025 22:30:00	18,40	0,01	0,00	1476,67
47	28.04.2025 23:00:00	18,52	0,01	0,00	1477,05
48	28.04.2025 23:30:00	18,58	0,01	0,00	1477,24
49	29.04.2025 00:00:00	18,61	0,01	0,01	1477,34
50	29.04.2025 00:30:00	18,64	0,01	0,01	1477,44
51	29.04.2025 01:00:00	18,64	0,01	0,01	1477,44
52	29.04.2025 01:30:00	18,64	0,01	0,01	1477,44
53	29.04.2025 02:00:00	18,64	0,01	0,01	1477,44
54	29.04.2025 02:30:00	18,61	0,01	0,01	1477,34
55	29.04.2025 03:00:00	18,61	0,01	0,00	1477,34
56	29.04.2025 03:30:00	18,61	0,01	0,00	1477,34
57	29.04.2025 04:00:00	18,61	0,01	0,00	1477,34
58	29.04.2025 04:30:00	18,61	0,01	0,01	1477,34
59	29.04.2025 05:00:00	18,61	0,01	0,00	1477,34
60	29.04.2025 05:30:00	18,61	0,01	0,01	1477,34
61	29.04.2025 06:00:00	18,61	0,01	0,01	1477,34
62	29.04.2025 06:30:00	18,61	0,01	0,01	1477,34
63	29.04.2025 07:00:00	18,61	0,01	0,00	1477,34
64	29.04.2025 07:30:00	18,58	0,01	0,00	1477,24
65	29.04.2025 08:00:00	18,58	0,01	0,00	1477,24
66	29.04.2025 08:30:00	18,67	0,01	0,01	1477,53
67	29.04.2025 09:00:00	19,11	0,01	0,01	1478,95
68	29.04.2025 09:30:00	20,55	0,01	0,01	1483,46
69	29.04.2025 10:00:00	21,23	0,01	0,01	1485,51
70	29.04.2025 10:30:00	21,49	0,01	0,01	1486,30
71	29.04.2025 11:00:00	21,61	0,01	0,00	1486,65
72	29.04.2025 11:30:00	21,66	0,01	0,00	1486,83
73	29.04.2025 12:00:00	21,08	0,01	0,01	1485,07
74	29.04.2025 12:30:00	21,11	0,01	0,01	1485,16
75	29.04.2025 13:00:00	23,35	0,01	0,01	1491,77
76	29.04.2025 13:30:00	23,53	0,01	0,00	1492,26
77	29.04.2025 14:00:00	27,42	0,03	0,04	1502,82
78	29.04.2025 14:30:00	30,16	0,02	0,04	1509,63
79	29.04.2025 15:00:00	30,98	0,02	0,04	1511,58
80	29.04.2025 15:30:00	31,16	0,02	0,04	1512,00
81	29.04.2025 16:00:00	31,51	0,02	0,04	1512,82
82	29.04.2025 16:30:00	31,98	0,02	0,04	1513,91
83	29.04.2025 17:00:00	30,45	0,02	0,04	1510,33
84	29.04.2025 17:30:00	27,01	0,03	0,04	1501,77
85	29.04.2025 18:00:00	24,75	0,01	0,01	1495,68
86	29.04.2025 18:30:00	22,95	0,01	0,01	1490,60
87	29.04.2025 19:00:00	21,55	0,01	0,01	1486,48
88	29.04.2025 19:30:00	20,35	0,01	0,01	1482,83
89	29.04.2025 20:00:00	19,17	0,01	0,01	1479,14
90	29.04.2025 20:30:00	17,95	0,01	0,00	1475,22
91	29.04.2025 21:00:00	16,67	0,01	0,00	1470,93
92	29.04.2025 21:30:00	15,52	0,01	0,00	1467,00
93	29.04.2025 22:00:00	14,45	0,01	0,00	1463,23
94	29.04.2025 22:30:00	13,37	0,01	0,00	1459,32
95	29.04.2025 23:00:00	12,33	0,01	0,00	1455,49
96	29.04.2025 23:30:00	11,48	0,01	0,00	1452,25
97	30.04.2025 00:00:00	10,61	0,01	0,00	1448,89
98	30.04.2025 00:30:00	9,83	0,01	0,00	1445,82
99	30.04.2025 01:00:00	9,20	0,00	0,00	1443,31
100	30.04.2025 01:30:00	8,87	0,00	0,00	1441,97
101	30.04.2025 02:00:00	8,54	0,00	0,00	1440,60
102	30.04.2025 02:30:00	8,17	0,00	0,00	1439,08
103	30.04.2025 03:00:00	7,76	0,00	0,00	1437,40
104	30.04.2025 03:30:00	7,35	0,00	0,00	1435,68
105	30.04.2025 04:00:00	7,15	0,00	0,00	1434,81
106	30.04.2025 04:30:00	6,87	0,00	0,00	1433,64
107	30.04.2025 05:00:00	6,59	0,00	0,00	1432,46
108	30.04.2025 05:30:00	6,28	0,00	0,00	1431,11
109	30.04.2025 06:00:00	5,96	0,00	0,00	1429,74
110	30.04.2025 06:30:00	5,68	0,00	0,00	1428,51
111	30.04.2025 07:00:00	5,47	0,00	0,00	1427,58
112	30.04.2025 07:30:00	5,40	0,00	0,00	1427,27
113	30.04.2025 08:00:00	5,47	0,00	0,00	1427,58
114	30.04.2025 08:30:00	8,74	5,11	6,29	1447,81
115	30.04.2025 09:00:00	11,32	0,01	0,00	1451,63
116	30.04.2025 09:30:00	13,99	2,13	3,16	1464,12
117	30.04.2025 10:00:00	12,99	0,01	0,00	1457,95
118	30.04.2025 10:30:00	12,74	0,01	0,00	1457,02
119	30.04.2025 11:00:00	12,71	0,01	0,00	1456,90
120	30.04.2025 11:30:00	13,46	1,72	2,54	1461,72
121	30.04.2025 12:00:00	14,48	1,01	1,57	1464,53
122	30.04.2025 12:30:00	9,99	29,35	32,50	1482,78
123	30.04.2025 13:00:00	9,76	29,40	32,36	1482,01
124	30.04.2025 13:30:00	9,76	29,44	32,40	1482,05
125	30.04.2025 14:00:00	9,80	29,44	32,43	1482,17
126	30.04.2025 14:30:00	9,83	29,45	32,46	1482,30
127	30.04.2025 15:00:00	9,89	29,43	32,50	1482,52
128	30.04.2025 15:30:00	10,02	29,42	32,60	1482,99
129	30.04.2025 16:00:00	10,35	29,39	32,83	1484,14
130	30.04.2025 16:30:00	10,22	29,43	32,76	1483,71
131	30.04.2025 17:00:00	10,25	29,40	32,76	1483,80
132	30.04.2025 17:30:00	10,28	29,38	32,76	1483,89
133	30.04.2025 18:00:00	10,22	29,36	32,70	1483,63
134	30.04.2025 18:30:00	9,89	29,43	32,50	1482,52
135	30.04.2025 19:00:00	9,73	29,43	32,36	1481,92
136	30.04.2025 19:30:00	9,57	29,43	32,23	1481,31
137	30.04.2025 20:00:00	9,53	29,42	32,20	1481,18
138	30.04.2025 20:30:00	9,63	29,41	32,26	1481,53
139	30.04.2025 21:00:00	9,57	29,43	32,23	1481,31
140	30.04.2025 21:30:00	9,50	29,38	32,13	1481,01
141	30.04.2025 22:00:00	9,47	29,41	32,13	1480,92
142	30.04.2025 22:30:00	9,43	29,40	32,10	1480,79
143	30.04.2025 23:00:00	9,43	29,40	32,10	1480,79
144	30.04.2025 23:30:00	9,43	29,47	32,16	1480,87
145	01.05.2025 00:00:00	9,50	29,45	32,20	1481,09
146	01.05.2025 00:30:00	9,53	29,45	32,23	1481,22
147	01.05.2025 01:00:00	9,50	29,45	32,20	1481,09
148	01.05.2025 01:30:00	9,47	29,44	32,16	1480,96
149	01.05.2025 02:00:00	9,43	29,47	32,16	1480,87
150	01.05.2025 02:30:00	9,40	29,49	32,16	1480,78
151	01.05.2025 03:00:00	9,30	29,61	32,19	1480,55
152	01.05.2025 03:30:00	9,30	29,54	32,13	1480,47
153	01.05.2025 04:00:00	9,33	29,58	32,19	1480,64
154	01.05.2025 04:30:00	9,50	29,48	32,23	1481,13
155	01.05.2025 05:00:00	9,57	29,43	32,23	1481,31
156	01.05.2025 05:30:00	9,60	29,40	32,23	1481,40
157	01.05.2025 06:00:00	9,57	29,40	32,20	1481,27
158	01.05.2025 06:30:00	9,50	29,42	32,16	1481,05
159	01.05.2025 07:00:00	9,47	29,47	32,20	1481,00
160	01.05.2025 07:30:00	9,47	29,47	32,20	1481,00
161	01.05.2025 08:00:00	9,47	29,47	32,20	1481,00
162	01.05.2025 08:30:00	9,47	29,47	32,20	1481,00
163	01.05.2025 09:00:00	9,50	29,48	32,23	1481,13
164	01.05.2025 09:30:00	9,50	29,51	32,26	1481,17
165	01.05.2025 10:00:00	9,57	29,46	32,26	1481,35
166	01.05.2025 10:30:00	9,66	29,45	32,33	1481,70
167	01.05.2025 11:00:00	9,73	29,43	32,36	1481,92
168	01.05.2025 11:30:00	9,76	29,44	32,40	1482,05
169	01.05.2025 12:00:00	9,89	29,40	32,46	1482,48
170	01.05.2025 12:30:00	9,96	29,38	32,50	1482,69
171	01.05.2025 13:00:00	9,99	29,38	32,53	1482,82
172	01.05.2025 13:30:00	9,89	29,30	32,37	1482,36
173	01.05.2025 14:00:00	10,12	29,28	32,53	1483,17
174	01.05.2025 14:30:00	9,99	29,35	32,50	1482,78
175	01.05.2025 15:00:00	10,02	29,33	32,50	1482,87
176	01.05.2025 15:30:00	10,06	29,33	32,53	1483,00
177	01.05.2025 16:00:00	10,06	29,33	32,53	1483,00
178	01.05.2025 16:30:00	10,06	29,33	32,53	1483,00
179	01.05.2025 17:00:00	10,09	29,34	32,57	1483,12
180	01.05.2025 17:30:00	10,32	29,32	32,73	1483,93
181	01.05.2025 18:00:00	10,38	29,30	32,77	1484,14
182	01.05.2025 18:30:00	10,41	29,31	32,80	1484,27
183	01.05.2025 19:00:00	10,02	29,33	32,50	1482,87
184	01.05.2025 19:30:00	10,22	29,27	32,60	1483,51
185	01.05.2025 20:00:00	9,60	29,37	32,20	1481,36
186	01.05.2025 20:30:00	9,57	29,36	32,17	1481,23
187	01.05.2025 21:00:00	9,57	29,40	32,20	1481,27
188	01.05.2025 21:30:00	9,57	29,36	32,17	1481,23
189	01.05.2025 22:00:00	9,50	29,38	32,13	1481,01
190	01.05.2025 22:30:00	9,50	29,35	32,10	1480,97
191	01.05.2025 23:00:00	9,50	29,38	32,13	1481,01
192	01.05.2025 23:30:00	9,50	29,35	32,10	1480,97
193	02.05.2025 00:00:00	9,47	29,38	32,10	1480,88
194	02.05.2025 00:30:00	9,47	29,38	32,10	1480,88
195	02.05.2025 01:00:00	9,57	29,33	32,13	1481,19
196	02.05.2025 01:30:00	9,57	29,36	32,17	1481,23
197	02.05.2025 02:00:00	9,57	29,33	32,13	1481,19
198	02.05.2025 02:30:00	9,50	29,32	32,07	1480,93
199	02.05.2025 03:00:00	9,50	29,32	32,07	1480,93
200	02.05.2025 03:30:00	9,47	29,34	32,07	1480,84
201	02.05.2025 04:00:00	9,40	29,43	32,10	1480,70
202	02.05.2025 04:30:00	9,40	29,40	32,06	1480,66
203	02.05.2025 05:00:00	9,40	29,40	32,06	1480,66
204	02.05.2025 05:30:00	9,37	29,36	32,00	1480,49
205	02.05.2025 06:00:00	9,50	29,32	32,07	1480,93
206	02.05.2025 06:30:00	9,50	29,35	32,10	1480,97
207	02.05.2025 07:00:00	9,53	29,32	32,10	1481,06
208	02.05.2025 07:30:00	9,53	29,26	32,03	1480,98
209	02.05.2025 08:00:00	9,53	29,29	32,07	1481,02
210	02.05.2025 08:30:00	9,50	29,32	32,07	1480,93
211	02.05.2025 09:00:00	9,50	29,35	32,10	1480,97
212	02.05.2025 09:30:00	9,50	29,51	32,26	1481,17
213	02.05.2025 10:00:00	9,53	29,49	32,26	1481,26
214	02.05.2025 10:30:00	9,57	29,46	32,26	1481,35
215	02.05.2025 11:00:00	9,60	29,47	32,30	1481,48
216	02.05.2025 11:30:00	9,63	29,47	32,33	1481,61
217	02.05.2025 12:00:00	9,66	29,42	32,30	1481,66
218	02.05.2025 12:30:00	9,70	29,45	32,36	1481,83
219	02.05.2025 13:00:00	9,70	29,49	32,40	1481,87
220	02.05.2025 13:30:00	9,70	29,45	32,36	1481,83
221	02.05.2025 14:00:00	9,73	29,43	32,36	1481,92
222	02.05.2025 14:30:00	9,73	29,43	32,36	1481,92
223	02.05.2025 15:00:00	9,70	29,45	32,36	1481,83
224	02.05.2025 15:30:00	9,73	29,43	32,36	1481,92
225	02.05.2025 16:00:00	9,70	29,45	32,36	1481,83
226	02.05.2025 16:30:00	9,73	29,40	32,33	1481,88
227	02.05.2025 17:00:00	9,80	29,34	32,33	1482,05
228	02.05.2025 17:30:00	9,83	29,35	32,37	1482,18
229	02.05.2025 18:00:00	9,86	29,36	32,40	1482,31
230	02.05.2025 18:30:00	9,86	29,32	32,37	1482,27
231	02.05.2025 19:00:00	9,86	29,32	32,37	1482,27
232	02.05.2025 19:30:00	9,86	29,29	32,33	1482,23
233	02.05.2025 20:00:00	9,70	29,39	32,30	1481,75
234	02.05.2025 20:30:00	9,66	29,38	32,26	1481,62
235	02.05.2025 21:00:00	9,63	29,41	32,26	1481,53
236	02.05.2025 21:30:00	9,60	29,44	32,26	1481,44
237	02.05.2025 22:00:00	9,57	29,43	32,23	1481,31
238	02.05.2025 22:30:00	9,53	29,45	32,23	1481,22
239	02.05.2025 23:00:00	9,53	29,45	32,23	1481,22
240	02.05.2025 23:30:00	9,53	29,45	32,23	1481,22
241	03.05.2025 00:00:00	9,50	29,45	32,20	1481,09
242	03.05.2025 00:30:00	9,50	29,45	32,20	1481,09
243	03.05.2025 01:00:00	9,50	29,45	32,20	1481,09
244	03.05.2025 01:30:00	9,47	29,41	32,13	1480,92
245	03.05.2025 02:00:00	9,50	29,45	32,20	1481,09
246	03.05.2025 02:30:00	9,50	29,42	32,16	1481,05
247	03.05.2025 03:00:00	9,47	29,34	32,07	1480,84
248	03.05.2025 03:30:00	9,47	29,38	32,10	1480,88
249	03.05.2025 04:00:00	9,47	29,41	32,13	1480,92
250	03.05.2025 04:30:00	9,40	29,36	32,03	1480,62
251	03.05.2025 05:00:00	9,43	29,37	32,07	1480,75
252	03.05.2025 05:30:00	9,40	29,46	32,13	1480,74
253	03.05.2025 06:00:00	9,33	29,45	32,06	1480,48
254	03.05.2025 06:30:00	9,30	29,41	32,00	1480,31
255	03.05.2025 07:00:00	9,27	29,40	31,96	1480,18
256	03.05.2025 07:30:00	9,66	28,53	31,42	1480,56
257	03.05.2025 08:00:00	9,53	27,52	30,31	1478,82
258	03.05.2025 08:30:00	9,50	27,25	30,01	1478,36
259	03.05.2025 09:00:00	9,66	28,56	31,45	1480,60
260	03.05.2025 09:30:00	9,70	28,83	31,75	1481,06
261	03.05.2025 10:00:00	9,70	28,90	31,81	1481,14
262	03.05.2025 10:30:00	9,73	29,00	31,94	1481,39
263	03.05.2025 11:00:00	9,73	29,13	32,07	1481,55
264	03.05.2025 11:30:00	9,86	29,16	32,20	1482,07
265	03.05.2025 12:00:00	10,02	29,13	32,30	1482,63
266	03.05.2025 12:30:00	10,12	28,96	32,21	1482,77
267	03.05.2025 13:00:00	10,09	28,98	32,21	1482,68
268	03.05.2025 13:30:00	9,99	29,09	32,24	1482,46
269	03.05.2025 14:00:00	9,93	29,14	32,24	1482,28
270	03.05.2025 14:30:00	9,93	29,14	32,24	1482,28
271	03.05.2025 15:00:00	9,93	29,18	32,27	1482,33
272	03.05.2025 15:30:00	9,93	29,21	32,30	1482,37
273	03.05.2025 16:00:00	9,96	29,21	32,34	1482,49
274	03.05.2025 16:30:00	10,15	29,13	32,40	1483,10
275	03.05.2025 17:00:00	10,15	29,06	32,34	1483,02
276	03.05.2025 17:30:00	10,25	29,05	32,41	1483,36
277	03.05.2025 18:00:00	10,28	28,99	32,37	1483,41
278	03.05.2025 18:30:00	10,48	28,42	31,96	1483,42
279	03.05.2025 19:00:00	10,48	28,33	31,86	1483,30
280	03.05.2025 19:30:00	10,54	28,31	31,89	1483,51
281	03.05.2025 20:00:00	10,51	28,30	31,86	1483,38
282	03.05.2025 20:30:00	10,41	28,57	32,05	1483,36
283	03.05.2025 21:00:00	10,25	28,76	32,11	1483,00
284	03.05.2025 21:30:00	10,15	28,87	32,14	1482,78
285	03.05.2025 22:00:00	10,06	28,98	32,18	1482,56
286	03.05.2025 22:30:00	9,96	29,12	32,24	1482,37
287	03.05.2025 23:00:00	9,93	29,11	32,21	1482,24
288	03.05.2025 23:30:00	9,86	29,13	32,17	1482,03
289	04.05.2025 00:00:00	9,83	29,15	32,17	1481,94
290	04.05.2025 00:30:00	9,80	29,18	32,17	1481,85
291	04.05.2025 01:00:00	9,76	29,14	32,10	1481,68
292	04.05.2025 01:30:00	9,63	29,24	32,10	1481,33
293	04.05.2025 02:00:00	9,57	29,36	32,17	1481,23
294	04.05.2025 02:30:00	9,53	29,36	32,13	1481,10
295	04.05.2025 03:00:00	9,57	29,36	32,17	1481,23
296	04.05.2025 03:30:00	9,63	29,34	32,20	1481,45
297	04.05.2025 04:00:00	9,57	29,23	32,04	1481,07
298	04.05.2025 04:30:00	9,57	29,33	32,13	1481,19
299	04.05.2025 05:00:00	9,57	29,33	32,13	1481,19
300	04.05.2025 05:30:00	9,60	29,34	32,17	1481,32
301	04.05.2025 06:00:00	9,43	29,17	31,87	1480,50
302	04.05.2025 06:30:00	9,53	29,32	32,10	1481,06
303	04.05.2025 07:00:00	9,50	29,28	32,03	1480,89
304	04.05.2025 07:30:00	9,43	29,24	31,94	1480,59
305	04.05.2025 08:00:00	9,47	29,31	32,03	1480,80
306	04.05.2025 08:30:00	9,60	28,39	31,22	1480,14
307	04.05.2025 09:00:00	9,63	27,38	30,25	1479,01
308	04.05.2025 09:30:00	9,66	27,26	30,15	1478,98
309	04.05.2025 10:00:00	9,66	27,91	30,80	1479,79
310	04.05.2025 10:30:00	9,83	28,02	31,03	1480,53
311	04.05.2025 11:00:00	9,86	28,41	31,46	1481,14
312	04.05.2025 11:30:00	9,83	28,60	31,62	1481,25
313	04.05.2025 12:00:00	9,80	28,92	31,91	1481,53
314	04.05.2025 12:30:00	9,80	29,02	32,01	1481,65
315	04.05.2025 13:00:00	9,83	28,99	32,01	1481,74
316	04.05.2025 13:30:00	10,22	28,75	32,08	1482,88
317	04.05.2025 14:00:00	10,35	28,72	32,15	1483,30
318	04.05.2025 14:30:00	10,35	28,65	32,08	1483,22
319	04.05.2025 15:00:00	10,12	28,99	32,24	1482,81
320	04.05.2025 15:30:00	10,19	29,07	32,37	1483,15
321	04.05.2025 16:00:00	10,22	29,04	32,37	1483,23
322	04.05.2025 16:30:00	10,15	29,13	32,40	1483,10
323	04.05.2025 17:00:00	10,22	29,11	32,44	1483,31
324	04.05.2025 17:30:00	10,09	29,11	32,34	1482,84
325	04.05.2025 18:00:00	10,28	29,09	32,47	1483,53
326	04.05.2025 18:30:00	10,19	29,10	32,41	1483,19
327	04.05.2025 19:00:00	10,67	26,88	30,53	1482,22
328	04.05.2025 19:30:00	10,61	26,99	30,59	1482,12
329	04.05.2025 20:00:00	10,48	28,10	31,63	1483,02
330	04.05.2025 20:30:00	10,51	28,05	31,60	1483,07
331	04.05.2025 21:00:00	10,45	28,29	31,79	1483,13
332	04.05.2025 21:30:00	10,38	28,63	32,08	1483,31
333	04.05.2025 22:00:00	10,09	28,92	32,14	1482,60
334	04.05.2025 22:30:00	10,02	28,97	32,14	1482,43
335	04.05.2025 23:00:00	9,93	29,08	32,17	1482,20
336	04.05.2025 23:30:00	9,76	29,04	32,01	1481,56
337	05.05.2025 00:00:00	9,70	28,54	31,45	1480,69
338	05.05.2025 00:30:00	9,66	24,56	27,43	1475,64
339	05.05.2025 01:00:00	9,66	29,25	32,13	1481,46
340	05.05.2025 01:30:00	9,63	29,24	32,10	1481,33
341	05.05.2025 02:00:00	9,63	22,28	25,08	1472,69
342	05.05.2025 02:30:00	9,63	20,38	23,12	1470,32
343	05.05.2025 03:00:00	9,60	20,33	23,05	1470,14
344	05.05.2025 03:30:00	9,57	21,39	24,12	1471,32
345	05.05.2025 04:00:00	9,57	20,03	22,72	1469,64
346	05.05.2025 04:30:00	9,57	28,54	31,35	1480,21
347	05.05.2025 05:00:00	9,63	29,15	32,00	1481,20
348	05.05.2025 05:30:00	9,63	29,24	32,10	1481,33
349	05.05.2025 06:00:00	9,60	29,24	32,07	1481,20
350	05.05.2025 06:30:00	9,57	29,23	32,04	1481,07
351	05.05.2025 07:00:00	9,60	29,21	32,04	1481,16
352	05.05.2025 07:30:00	9,60	29,24	32,07	1481,20
353	05.05.2025 08:00:00	9,53	29,32	32,10	1481,06
354	05.05.2025 08:30:00	9,60	29,27	32,10	1481,24
355	05.05.2025 09:00:00	9,66	29,28	32,17	1481,50
356	05.05.2025 09:30:00	9,93	26,65	29,73	1479,19
357	05.05.2025 10:00:00	10,02	26,61	29,76	1479,51
358	05.05.2025 10:30:00	9,96	26,95	30,06	1479,69
359	05.05.2025 11:00:00	9,86	28,28	31,33	1480,98
360	05.05.2025 11:30:00	9,99	28,41	31,56	1481,62
361	05.05.2025 12:00:00	9,99	28,48	31,62	1481,70
362	05.05.2025 12:30:00	9,89	28,81	31,88	1481,75
363	05.05.2025 13:00:00	9,99	29,03	32,17	1482,38
364	05.05.2025 13:30:00	9,96	29,02	32,14	1482,25
365	05.05.2025 14:00:00	9,89	29,07	32,14	1482,08
366	05.05.2025 14:30:00	9,99	29,09	32,24	1482,46
367	05.05.2025 15:00:00	9,96	29,08	32,21	1482,33
368	05.05.2025 15:30:00	10,02	29,10	32,27	1482,59
369	05.05.2025 16:00:00	10,06	29,10	32,31	1482,72
370	05.05.2025 16:30:00	10,09	29,14	32,37	1482,88
371	05.05.2025 17:00:00	10,35	29,13	32,57	1483,82
372	05.05.2025 17:30:00	10,71	29,11	32,84	1485,08
373	05.05.2025 18:00:00	10,64	29,13	32,80	1484,87
374	05.05.2025 18:30:00	10,54	29,11	32,70	1484,50
375	05.05.2025 19:00:00	10,48	29,06	32,61	1484,20
376	05.05.2025 19:30:00	10,38	29,08	32,54	1483,87
377	05.05.2025 20:00:00	10,35	29,07	32,51	1483,74
378	05.05.2025 20:30:00	10,48	29,00	32,54	1484,13
379	05.05.2025 21:00:00	10,38	27,83	31,27	1482,32
380	05.05.2025 21:30:00	10,35	28,20	31,63	1482,67
381	05.05.2025 22:00:00	10,32	28,45	31,86	1482,86
382	05.05.2025 22:30:00	10,28	28,54	31,92	1482,85
383	05.05.2025 23:00:00	10,25	28,69	32,05	1482,92
384	05.05.2025 23:30:00	10,09	28,95	32,18	1482,64
385	06.05.2025 00:00:00	10,09	28,98	32,21	1482,68
386	06.05.2025 00:30:00	9,86	29,13	32,17	1482,03
387	06.05.2025 01:00:00	9,89	29,10	32,17	1482,12
388	06.05.2025 01:30:00	9,80	29,15	32,14	1481,81
389	06.05.2025 02:00:00	9,76	29,17	32,14	1481,72
390	06.05.2025 02:30:00	9,76	29,17	32,14	1481,72
391	06.05.2025 03:00:00	9,73	29,20	32,14	1481,63
392	06.05.2025 03:30:00	9,76	29,17	32,14	1481,72
393	06.05.2025 04:00:00	9,63	29,21	32,07	1481,29
394	06.05.2025 04:30:00	9,63	29,21	32,07	1481,29
395	06.05.2025 05:00:00	9,73	29,23	32,17	1481,67
396	06.05.2025 05:30:00	9,73	29,23	32,17	1481,67
397	06.05.2025 06:00:00	9,70	29,23	32,14	1481,54
398	06.05.2025 06:30:00	9,70	29,23	32,14	1481,54
399	06.05.2025 07:00:00	9,70	29,19	32,10	1481,50
400	06.05.2025 07:30:00	9,70	29,19	32,10	1481,50
401	06.05.2025 08:00:00	9,73	29,20	32,14	1481,63
402	06.05.2025 08:30:00	9,70	29,19	32,10	1481,50
403	06.05.2025 09:00:00	9,80	29,18	32,17	1481,85
404	06.05.2025 09:30:00	9,80	29,21	32,20	1481,89
405	06.05.2025 10:00:00	9,83	29,19	32,20	1481,98
406	06.05.2025 10:30:00	9,86	29,13	32,17	1482,03
407	06.05.2025 11:00:00	9,93	28,85	31,94	1481,92
408	06.05.2025 11:30:00	9,86	28,80	31,85	1481,62
409	06.05.2025 12:00:00	9,93	28,72	31,81	1481,76
410	06.05.2025 12:30:00	9,93	28,72	31,81	1481,76
411	06.05.2025 13:00:00	9,89	28,91	31,98	1481,87
412	06.05.2025 13:30:00	9,86	28,93	31,98	1481,79
413	06.05.2025 14:00:00	9,86	29,03	32,07	1481,91
414	06.05.2025 14:30:00	9,83	29,09	32,11	1481,86
415	06.05.2025 15:00:00	9,86	29,06	32,11	1481,95
416	06.05.2025 15:30:00	9,86	29,10	32,14	1481,99
417	06.05.2025 16:00:00	9,86	29,10	32,14	1481,99
418	06.05.2025 16:30:00	9,93	29,11	32,21	1482,24
419	06.05.2025 17:00:00	10,02	29,10	32,27	1482,59
420	06.05.2025 17:30:00	10,12	29,09	32,34	1482,93
421	06.05.2025 18:00:00	10,09	29,08	32,31	1482,80
422	06.05.2025 18:30:00	10,02	29,07	32,24	1482,55
423	06.05.2025 19:00:00	9,96	29,08	32,21	1482,33
424	06.05.2025 19:30:00	10,06	29,07	32,27	1482,68
425	06.05.2025 20:00:00	9,99	29,09	32,24	1482,46
426	06.05.2025 20:30:00	9,99	29,09	32,24	1482,46
427	06.05.2025 21:00:00	9,96	29,08	32,21	1482,33
428	06.05.2025 21:30:00	9,83	29,12	32,14	1481,90
429	06.05.2025 22:00:00	9,83	29,12	32,14	1481,90
430	06.05.2025 22:30:00	9,83	29,12	32,14	1481,90
431	06.05.2025 23:00:00	9,80	29,15	32,14	1481,81
432	06.05.2025 23:30:00	9,80	29,15	32,14	1481,81
433	07.05.2025 00:00:00	9,80	29,18	32,17	1481,85
434	07.05.2025 00:30:00	9,80	29,18	32,17	1481,85
435	07.05.2025 01:00:00	9,80	29,18	32,17	1481,85
436	07.05.2025 01:30:00	9,80	29,15	32,14	1481,81
437	07.05.2025 02:00:00	9,76	29,17	32,14	1481,72
438	07.05.2025 02:30:00	9,73	29,17	32,10	1481,59
439	07.05.2025 03:00:00	9,73	29,17	32,10	1481,59
440	07.05.2025 03:30:00	9,73	29,17	32,10	1481,59
441	07.05.2025 04:00:00	9,70	29,19	32,10	1481,50
442	07.05.2025 04:30:00	9,70	29,16	32,07	1481,46
443	07.05.2025 05:00:00	9,66	29,19	32,07	1481,37
444	07.05.2025 05:30:00	9,63	29,18	32,04	1481,24
445	07.05.2025 06:00:00	9,63	29,21	32,07	1481,29
446	07.05.2025 06:30:00	9,63	29,21	32,07	1481,29
447	07.05.2025 07:00:00	9,66	29,15	32,04	1481,33
448	07.05.2025 07:30:00	9,66	29,15	32,04	1481,33
449	07.05.2025 08:00:00	9,66	29,02	31,91	1481,17
450	07.05.2025 08:30:00	9,66	29,02	31,91	1481,17
451	07.05.2025 09:00:00	9,66	29,06	31,94	1481,21
452	07.05.2025 09:30:00	9,66	29,02	31,91	1481,17
453	07.05.2025 10:00:00	9,70	29,03	31,94	1481,30
454	07.05.2025 10:30:00	9,70	29,03	31,94	1481,30
455	07.05.2025 11:00:00	9,86	29,03	32,07	1481,91
456	07.05.2025 11:30:00	9,96	29,05	32,17	1482,29
457	07.05.2025 12:00:00	10,06	29,07	32,27	1482,68
458	07.05.2025 12:30:00	10,32	29,03	32,44	1483,57
459	07.05.2025 13:00:00	10,38	29,01	32,47	1483,79
460	07.05.2025 13:30:00	10,25	28,98	32,34	1483,28
461	07.05.2025 14:00:00	10,28	29,02	32,41	1483,45
462	07.05.2025 14:30:00	10,15	29,06	32,34	1483,02
463	07.05.2025 15:00:00	10,12	29,15	32,40	1483,01
464	07.05.2025 15:30:00	10,19	29,13	32,44	1483,23
465	07.05.2025 16:00:00	10,15	29,13	32,40	1483,10
466	07.05.2025 16:30:00	10,35	29,13	32,57	1483,82
467	07.05.2025 17:00:00	10,32	29,13	32,54	1483,69
468	07.05.2025 17:30:00	10,35	29,10	32,54	1483,78
469	07.05.2025 18:00:00	10,19	29,10	32,41	1483,19
470	07.05.2025 18:30:00	10,06	29,07	32,27	1482,68
471	07.05.2025 19:00:00	10,19	29,07	32,37	1483,15
472	07.05.2025 19:30:00	10,28	29,02	32,41	1483,45
473	07.05.2025 20:00:00	10,28	28,96	32,34	1483,37
474	07.05.2025 20:30:00	10,28	28,96	32,34	1483,37
475	07.05.2025 21:00:00	10,15	28,93	32,21	1482,86
476	07.05.2025 21:30:00	10,19	28,94	32,24	1482,99
477	07.05.2025 22:00:00	10,25	28,92	32,28	1483,20
478	07.05.2025 22:30:00	10,22	28,95	32,28	1483,11
479	07.05.2025 23:00:00	10,32	28,90	32,31	1483,42
480	07.05.2025 23:30:00	10,38	28,88	32,34	1483,63
481	08.05.2025 00:00:00	10,12	28,86	32,11	1482,65
482	08.05.2025 00:30:00	10,19	28,87	32,18	1482,91
483	08.05.2025 01:00:00	10,12	28,89	32,14	1482,69
484	08.05.2025 01:30:00	10,02	28,97	32,14	1482,43
485	08.05.2025 02:00:00	9,99	28,99	32,14	1482,34
486	08.05.2025 02:30:00	9,96	29,02	32,14	1482,25
487	08.05.2025 03:00:00	9,93	29,01	32,11	1482,12
488	08.05.2025 03:30:00	9,86	29,03	32,07	1481,91
489	08.05.2025 04:00:00	9,86	29,00	32,04	1481,87
490	08.05.2025 04:30:00	9,86	29,03	32,07	1481,91
491	08.05.2025 05:00:00	9,83	29,06	32,07	1481,82
492	08.05.2025 05:30:00	9,73	29,04	31,97	1481,43
493	08.05.2025 06:00:00	9,66	29,06	31,94	1481,21
494	08.05.2025 06:30:00	9,99	29,09	32,24	1482,46
495	08.05.2025 07:00:00	9,99	29,09	32,24	1482,46
496	08.05.2025 07:30:00	9,89	29,07	32,14	1482,08
497	08.05.2025 08:00:00	9,89	29,07	32,14	1482,08
498	08.05.2025 08:30:00	9,86	29,06	32,11	1481,95
499	08.05.2025 09:00:00	9,89	29,04	32,11	1482,04
500	08.05.2025 09:30:00	9,89	29,04	32,11	1482,04
501	08.05.2025 10:00:00	9,89	29,04	32,11	1482,04
502	08.05.2025 10:30:00	10,02	29,03	32,21	1482,51
503	08.05.2025 11:00:00	10,02	29,03	32,21	1482,51
504	08.05.2025 11:30:00	10,19	28,87	32,18	1482,91
505	08.05.2025 12:00:00	10,32	28,87	32,28	1483,38
506	08.05.2025 12:30:00	10,35	28,88	32,31	1483,50
507	08.05.2025 13:00:00	10,51	28,88	32,44	1484,09
508	08.05.2025 13:30:00	10,71	28,86	32,58	1484,77
509	08.05.2025 14:00:00	10,51	28,85	32,41	1484,05
510	08.05.2025 14:30:00	10,35	28,88	32,31	1483,50
511	08.05.2025 15:00:00	10,51	28,85	32,41	1484,05
512	08.05.2025 15:30:00	10,22	28,88	32,21	1483,03
513	08.05.2025 16:00:00	10,32	28,90	32,31	1483,42
514	08.05.2025 16:30:00	10,25	28,92	32,28	1483,20
515	08.05.2025 17:00:00	10,25	28,89	32,24	1483,16
516	08.05.2025 17:30:00	10,19	28,94	32,24	1482,99
517	08.05.2025 18:00:00	10,15	28,90	32,18	1482,82
518	08.05.2025 18:30:00	10,22	28,91	32,24	1483,07
519	08.05.2025 19:00:00	10,22	28,91	32,24	1483,07
520	08.05.2025 19:30:00	10,19	28,91	32,21	1482,95
521	08.05.2025 20:00:00	10,09	28,92	32,14	1482,60
522	08.05.2025 20:30:00	10,09	28,89	32,11	1482,56
523	08.05.2025 21:00:00	10,09	28,92	32,14	1482,60
524	08.05.2025 21:30:00	10,02	28,90	32,08	1482,35
525	08.05.2025 22:00:00	9,99	28,90	32,04	1482,22
526	08.05.2025 22:30:00	9,99	28,86	32,01	1482,18
527	08.05.2025 23:00:00	9,96	28,86	31,98	1482,05
528	08.05.2025 23:30:00	9,96	28,82	31,95	1482,01
529	09.05.2025 00:00:00	9,93	28,85	31,94	1481,92
530	09.05.2025 00:30:00	9,89	28,84	31,91	1481,79
531	09.05.2025 01:00:00	9,89	28,81	31,88	1481,75
532	09.05.2025 01:30:00	9,86	28,87	31,91	1481,71
533	09.05.2025 02:00:00	9,89	28,88	31,94	1481,83
534	09.05.2025 02:30:00	9,89	28,88	31,94	1481,83
535	09.05.2025 03:00:00	9,89	28,88	31,94	1481,83
536	09.05.2025 03:30:00	9,86	28,87	31,91	1481,71
537	09.05.2025 04:00:00	9,86	28,87	31,91	1481,71
538	09.05.2025 04:30:00	9,86	28,87	31,91	1481,71
539	09.05.2025 05:00:00	9,83	28,89	31,91	1481,62
540	09.05.2025 05:30:00	9,80	28,89	31,88	1481,49
541	09.05.2025 06:00:00	9,80	28,89	31,88	1481,49
542	09.05.2025 06:30:00	9,80	28,89	31,88	1481,49
543	09.05.2025 07:00:00	9,83	28,86	31,88	1481,58
544	09.05.2025 07:30:00	9,83	28,86	31,88	1481,58
545	09.05.2025 08:00:00	9,80	28,89	31,88	1481,49
546	09.05.2025 08:30:00	9,83	28,89	31,91	1481,62
547	09.05.2025 09:00:00	9,86	28,87	31,91	1481,71
548	09.05.2025 09:30:00	9,89	28,84	31,91	1481,79
549	09.05.2025 10:00:00	9,89	28,88	31,94	1481,83
550	09.05.2025 10:30:00	9,89	28,84	31,91	1481,79
551	09.05.2025 11:00:00	9,86	28,87	31,91	1481,71
552	09.05.2025 11:30:00	9,93	28,88	31,98	1481,96
553	09.05.2025 12:00:00	9,93	28,85	31,94	1481,92
554	09.05.2025 12:30:00	9,99	28,86	32,01	1482,18
555	09.05.2025 13:00:00	10,19	28,87	32,18	1482,91
556	09.05.2025 13:30:00	10,22	28,88	32,21	1483,03
557	09.05.2025 14:00:00	10,35	28,91	32,34	1483,54
558	09.05.2025 14:30:00	10,45	28,87	32,38	1483,84
559	09.05.2025 15:00:00	10,15	28,87	32,14	1482,78
560	09.05.2025 15:30:00	10,02	28,90	32,08	1482,35
561	09.05.2025 16:00:00	10,25	28,92	32,28	1483,20
562	09.05.2025 16:30:00	10,12	28,92	32,18	1482,73
563	09.05.2025 17:00:00	9,89	28,91	31,98	1481,87
564	09.05.2025 17:30:00	10,19	28,94	32,24	1482,99
565	09.05.2025 18:00:00	10,25	28,92	32,28	1483,20
566	09.05.2025 18:30:00	10,15	28,96	32,24	1482,90
567	09.05.2025 19:00:00	10,12	28,96	32,21	1482,77
568	09.05.2025 19:30:00	10,06	28,94	32,14	1482,52
569	09.05.2025 20:00:00	10,02	28,94	32,11	1482,39
570	09.05.2025 20:30:00	9,96	28,95	32,08	1482,17
571	09.05.2025 21:00:00	9,96	28,95	32,08	1482,17
572	09.05.2025 21:30:00	9,96	28,92	32,04	1482,13
573	09.05.2025 22:00:00	9,93	28,95	32,04	1482,04
574	09.05.2025 22:30:00	9,93	28,92	32,01	1482,00
575	09.05.2025 23:00:00	9,89	28,91	31,98	1481,87
576	09.05.2025 23:30:00	9,73	28,94	31,88	1481,31
577	10.05.2025 00:00:00	9,66	28,96	31,84	1481,09
578	10.05.2025 00:30:00	9,63	29,02	31,87	1481,04
579	10.05.2025 01:00:00	9,60	29,01	31,84	1480,91
580	10.05.2025 01:30:00	9,73	29,00	31,94	1481,39
581	10.05.2025 02:00:00	9,70	29,03	31,94	1481,30
582	10.05.2025 02:30:00	9,76	29,01	31,97	1481,52
583	10.05.2025 03:00:00	9,80	28,95	31,94	1481,57
584	10.05.2025 03:30:00	9,80	28,95	31,94	1481,57
585	10.05.2025 04:00:00	9,83	28,93	31,94	1481,66
586	10.05.2025 04:30:00	9,83	28,93	31,94	1481,66
587	10.05.2025 05:00:00	9,80	28,92	31,91	1481,53
588	10.05.2025 05:30:00	9,80	28,92	31,91	1481,53
589	10.05.2025 06:00:00	9,80	28,92	31,91	1481,53
590	10.05.2025 06:30:00	9,76	28,95	31,91	1481,44
591	10.05.2025 07:00:00	9,80	28,92	31,91	1481,53
592	10.05.2025 07:30:00	9,80	28,92	31,91	1481,53
593	10.05.2025 08:00:00	9,80	28,92	31,91	1481,53
594	10.05.2025 08:30:00	9,80	28,92	31,91	1481,53
595	10.05.2025 09:00:00	9,83	28,89	31,91	1481,62
596	10.05.2025 09:30:00	9,83	28,93	31,94	1481,66
597	10.05.2025 10:00:00	9,86	28,90	31,94	1481,75
598	10.05.2025 10:30:00	9,86	28,90	31,94	1481,75
599	10.05.2025 11:00:00	9,83	28,89	31,91	1481,62
600	10.05.2025 11:30:00	9,73	28,94	31,88	1481,31
601	10.05.2025 12:00:00	9,76	28,91	31,88	1481,40
602	10.05.2025 12:30:00	9,89	28,94	32,01	1481,91
603	10.05.2025 13:00:00	9,89	28,94	32,01	1481,91
604	10.05.2025 13:30:00	9,93	28,92	32,01	1482,00
605	10.05.2025 14:00:00	9,99	28,93	32,08	1482,26
606	10.05.2025 14:30:00	9,99	28,93	32,08	1482,26
607	10.05.2025 15:00:00	10,02	28,94	32,11	1482,39
608	10.05.2025 15:30:00	9,86	28,93	31,98	1481,79
609	10.05.2025 16:00:00	9,93	28,95	32,04	1482,04
610	10.05.2025 16:30:00	9,86	28,93	31,98	1481,79
611	10.05.2025 17:00:00	9,93	28,95	32,04	1482,04
612	10.05.2025 17:30:00	9,86	28,97	32,01	1481,83
613	10.05.2025 18:00:00	9,93	28,95	32,04	1482,04
614	10.05.2025 18:30:00	10,02	28,94	32,11	1482,39
615	10.05.2025 19:00:00	9,99	28,93	32,08	1482,26
616	10.05.2025 19:30:00	9,96	28,92	32,04	1482,13
617	10.05.2025 20:00:00	9,89	28,94	32,01	1481,91
618	10.05.2025 20:30:00	9,89	28,91	31,98	1481,87
619	10.05.2025 21:00:00	9,89	28,94	32,01	1481,91
620	10.05.2025 21:30:00	9,89	28,91	31,98	1481,87
621	10.05.2025 22:00:00	9,89	28,94	32,01	1481,91
622	10.05.2025 22:30:00	9,89	28,91	31,98	1481,87
623	10.05.2025 23:00:00	9,86	28,93	31,98	1481,79
624	10.05.2025 23:30:00	9,73	28,91	31,84	1481,27
625	11.05.2025 00:00:00	9,63	28,95	31,81	1480,96
626	11.05.2025 00:30:00	9,73	28,78	31,71	1481,11
627	11.05.2025 01:00:00	9,80	28,79	31,78	1481,37
628	11.05.2025 01:30:00	9,83	28,76	31,78	1481,46
629	11.05.2025 02:00:00	9,83	28,76	31,78	1481,46
630	11.05.2025 02:30:00	9,83	28,76	31,78	1481,46
631	11.05.2025 03:00:00	9,80	28,76	31,75	1481,33
632	11.05.2025 03:30:00	9,76	28,78	31,75	1481,24
633	11.05.2025 04:00:00	9,76	28,78	31,75	1481,24
634	11.05.2025 04:30:00	9,76	28,78	31,75	1481,24
635	11.05.2025 05:00:00	9,76	28,78	31,75	1481,24
636	11.05.2025 05:30:00	9,76	28,75	31,71	1481,20
637	11.05.2025 06:00:00	9,76	28,78	31,75	1481,24
638	11.05.2025 06:30:00	9,76	28,78	31,75	1481,24
639	11.05.2025 07:00:00	9,76	28,78	31,75	1481,24
640	11.05.2025 07:30:00	9,76	28,78	31,75	1481,24
641	11.05.2025 08:00:00	9,80	28,76	31,75	1481,33
642	11.05.2025 08:30:00	9,80	28,76	31,75	1481,33
643	11.05.2025 09:00:00	9,83	28,76	31,78	1481,46
644	11.05.2025 09:30:00	9,86	28,74	31,78	1481,54
645	11.05.2025 10:00:00	9,89	28,75	31,81	1481,67
646	11.05.2025 10:30:00	9,93	28,75	31,85	1481,80
647	11.05.2025 11:00:00	9,96	28,76	31,88	1481,93
648	11.05.2025 11:30:00	9,96	28,73	31,85	1481,89
649	11.05.2025 12:00:00	9,80	28,76	31,75	1481,33
650	11.05.2025 12:30:00	9,89	28,78	31,85	1481,71
651	11.05.2025 13:00:00	9,93	28,79	31,88	1481,84
652	11.05.2025 13:30:00	10,02	28,77	31,95	1482,19
653	11.05.2025 14:00:00	10,02	28,81	31,98	1482,23
654	11.05.2025 14:30:00	10,06	28,81	32,01	1482,36
655	11.05.2025 15:00:00	10,38	28,79	32,25	1483,51
656	11.05.2025 15:30:00	9,93	28,82	31,91	1481,88
657	11.05.2025 16:00:00	9,89	28,81	31,88	1481,75
658	11.05.2025 16:30:00	9,86	28,80	31,85	1481,62
659	11.05.2025 17:00:00	9,86	28,77	31,81	1481,58
660	11.05.2025 17:30:00	9,86	28,77	31,81	1481,58
661	11.05.2025 18:00:00	9,96	28,79	31,91	1481,97
662	11.05.2025 18:30:00	10,12	28,80	32,05	1482,57
663	11.05.2025 19:00:00	10,06	28,78	31,98	1482,32
664	11.05.2025 19:30:00	10,09	28,79	32,01	1482,44
665	11.05.2025 20:00:00	9,93	28,79	31,88	1481,84
666	11.05.2025 20:30:00	9,76	28,78	31,75	1481,24
667	11.05.2025 21:00:00	9,86	28,77	31,81	1481,58
668	11.05.2025 21:30:00	9,96	28,76	31,88	1481,93
669	11.05.2025 22:00:00	9,99	28,77	31,91	1482,06
670	11.05.2025 22:30:00	9,89	28,78	31,85	1481,71
671	11.05.2025 23:00:00	9,89	28,78	31,85	1481,71
672	11.05.2025 23:30:00	9,83	28,76	31,78	1481,46
673	12.05.2025 00:00:00	9,73	28,78	31,71	1481,11
674	12.05.2025 00:30:00	9,63	28,79	31,65	1480,76
675	12.05.2025 01:00:00	9,57	28,84	31,65	1480,58
676	12.05.2025 01:30:00	9,57	28,84	31,65	1480,58
677	12.05.2025 02:00:00	9,57	28,84	31,65	1480,58
678	12.05.2025 02:30:00	9,57	28,84	31,65	1480,58
679	12.05.2025 03:00:00	9,63	28,85	31,71	1480,84
680	12.05.2025 03:30:00	9,73	28,78	31,71	1481,11
681	12.05.2025 04:00:00	9,73	28,78	31,71	1481,11
682	12.05.2025 04:30:00	9,73	28,78	31,71	1481,11
683	12.05.2025 05:00:00	9,73	28,78	31,71	1481,11
684	12.05.2025 05:30:00	9,73	28,78	31,71	1481,11
685	12.05.2025 06:00:00	9,73	28,74	31,68	1481,07
686	12.05.2025 06:30:00	9,73	28,78	31,71	1481,11
687	12.05.2025 07:00:00	9,73	28,74	31,68	1481,07
688	12.05.2025 07:30:00	9,76	28,75	31,71	1481,20
689	12.05.2025 08:00:00	9,76	28,75	31,71	1481,20
690	12.05.2025 08:30:00	9,76	28,68	31,65	1481,12
691	12.05.2025 09:00:00	9,86	28,61	31,65	1481,38
692	12.05.2025 09:30:00	9,89	28,62	31,68	1481,51
693	12.05.2025 10:00:00	10,02	28,61	31,78	1481,99
694	12.05.2025 10:30:00	10,09	28,59	31,82	1482,20
695	12.05.2025 11:00:00	10,12	28,60	31,85	1482,33
696	12.05.2025 11:30:00	10,22	28,56	31,89	1482,64
697	12.05.2025 12:00:00	10,06	28,59	31,78	1482,08
698	12.05.2025 12:30:00	10,06	28,59	31,78	1482,08
699	12.05.2025 13:00:00	10,71	28,57	32,29	1484,41
700	12.05.2025 13:30:00	10,80	28,50	32,29	1484,67
701	12.05.2025 14:00:00	10,51	28,50	32,05	1483,62
702	12.05.2025 14:30:00	10,67	28,50	32,19	1484,21
703	12.05.2025 15:00:00	10,61	28,49	32,12	1483,96
704	12.05.2025 15:30:00	11,86	28,43	33,06	1488,33
705	12.05.2025 16:00:00	11,73	28,46	32,99	1487,92
706	12.05.2025 16:30:00	10,19	28,52	31,82	1482,47
707	12.05.2025 17:00:00	11,25	28,54	32,69	1486,33
708	12.05.2025 17:30:00	10,64	28,52	32,19	1484,12
709	12.05.2025 18:00:00	10,09	28,56	31,79	1482,16
710	12.05.2025 18:30:00	9,96	28,60	31,72	1481,73
711	12.05.2025 19:00:00	9,99	28,57	31,72	1481,82
712	12.05.2025 19:30:00	9,99	28,57	31,72	1481,82
713	12.05.2025 20:00:00	9,96	28,57	31,69	1481,69
714	12.05.2025 20:30:00	9,93	28,59	31,68	1481,60
715	12.05.2025 21:00:00	9,89	28,58	31,65	1481,47
716	12.05.2025 21:30:00	9,99	28,54	31,69	1481,78
717	12.05.2025 22:00:00	9,99	28,54	31,69	1481,78
718	12.05.2025 22:30:00	10,22	28,49	31,82	1482,56
719	12.05.2025 23:00:00	10,06	28,55	31,75	1482,04
720	12.05.2025 23:30:00	10,12	28,50	31,75	1482,21
721	13.05.2025 00:00:00	9,99	28,57	31,72	1481,82
722	13.05.2025 00:30:00	10,12	28,50	31,75	1482,21
723	13.05.2025 01:00:00	9,83	28,63	31,65	1481,29
724	13.05.2025 01:30:00	9,83	28,50	31,52	1481,13
725	13.05.2025 02:00:00	9,89	28,49	31,55	1481,35
726	13.05.2025 02:30:00	10,25	28,02	31,37	1482,09
727	13.05.2025 03:00:00	10,25	27,76	31,11	1481,77
728	13.05.2025 03:30:00	10,19	27,55	30,84	1481,27
729	13.05.2025 04:00:00	10,15	27,61	30,88	1481,23
730	13.05.2025 04:30:00	10,12	27,76	31,00	1481,30
731	13.05.2025 05:00:00	10,12	28,02	31,27	1481,61
732	13.05.2025 05:30:00	10,09	28,21	31,43	1481,72
733	13.05.2025 06:00:00	10,06	28,13	31,33	1481,52
734	13.05.2025 06:30:00	10,09	28,14	31,36	1481,64
735	13.05.2025 07:00:00	10,02	28,13	31,30	1481,39
736	13.05.2025 07:30:00	10,02	28,09	31,26	1481,35
737	13.05.2025 08:00:00	10,02	28,00	31,17	1481,23
738	13.05.2025 08:30:00	9,99	28,15	31,30	1481,30
739	13.05.2025 09:00:00	10,02	28,19	31,36	1481,47
740	13.05.2025 09:30:00	10,09	28,14	31,36	1481,64
741	13.05.2025 10:00:00	10,15	28,09	31,36	1481,82
742	13.05.2025 10:30:00	10,19	28,10	31,40	1481,95
743	13.05.2025 11:00:00	10,19	28,10	31,40	1481,95
744	13.05.2025 11:30:00	10,32	28,13	31,53	1482,46
745	13.05.2025 12:00:00	10,48	28,14	31,66	1483,06
746	13.05.2025 12:30:00	10,64	28,21	31,86	1483,73
747	13.05.2025 13:00:00	10,61	28,14	31,76	1483,53
748	13.05.2025 13:30:00	10,90	28,14	32,00	1484,58
749	13.05.2025 14:00:00	11,06	28,11	32,10	1485,13
750	13.05.2025 14:30:00	11,32	28,08	32,27	1486,00
751	13.05.2025 15:00:00	11,32	28,05	32,23	1485,96
752	13.05.2025 15:30:00	11,83	28,05	32,63	1487,76
753	13.05.2025 16:00:00	11,54	28,01	32,37	1486,70
754	13.05.2025 16:30:00	11,00	28,10	32,03	1484,88
755	13.05.2025 17:00:00	10,84	28,19	32,00	1484,41
756	13.05.2025 17:30:00	10,67	28,18	31,86	1483,82
757	13.05.2025 18:00:00	10,35	28,30	31,73	1482,79
758	13.05.2025 18:30:00	10,25	28,34	31,69	1482,49
759	13.05.2025 19:00:00	10,28	28,35	31,72	1482,61
760	13.05.2025 19:30:00	10,28	28,32	31,69	1482,57
761	13.05.2025 20:00:00	10,22	28,11	31,43	1482,08
762	13.05.2025 20:30:00	10,15	28,12	31,40	1481,86
763	13.05.2025 21:00:00	10,02	28,16	31,33	1481,43
764	13.05.2025 21:30:00	10,02	28,16	31,33	1481,43
765	13.05.2025 22:00:00	10,02	28,16	31,33	1481,43
766	13.05.2025 22:30:00	10,25	28,12	31,46	1482,21
767	13.05.2025 23:00:00	10,32	28,07	31,46	1482,38
768	13.05.2025 23:30:00	10,28	28,06	31,43	1482,26
769	14.05.2025 00:00:00	10,19	28,07	31,36	1481,91
770	14.05.2025 00:30:00	10,32	28,03	31,43	1482,34
771	14.05.2025 01:00:00	10,02	28,09	31,26	1481,35
772	14.05.2025 01:30:00	10,19	28,10	31,40	1481,95
773	14.05.2025 02:00:00	10,38	28,08	31,53	1482,64
774	14.05.2025 02:30:00	10,64	28,05	31,70	1483,54
775	14.05.2025 03:00:00	10,80	27,48	31,25	1483,43
776	14.05.2025 03:30:00	10,71	26,54	30,20	1481,91
777	14.05.2025 04:00:00	10,77	26,62	30,33	1482,25
778	14.05.2025 04:30:00	10,77	27,03	30,76	1482,75
779	14.05.2025 05:00:00	10,74	27,12	30,82	1482,74
780	14.05.2025 05:30:00	10,38	27,60	31,04	1482,05
781	14.05.2025 06:00:00	10,28	27,83	31,20	1481,98
782	14.05.2025 06:30:00	10,28	27,87	31,24	1482,02
783	14.05.2025 07:00:00	10,28	27,90	31,27	1482,06
784	14.05.2025 07:30:00	10,32	27,91	31,30	1482,19
785	14.05.2025 08:00:00	10,28	27,93	31,30	1482,10
786	14.05.2025 08:30:00	10,38	27,89	31,34	1482,40
787	14.05.2025 09:00:00	10,35	27,91	31,34	1482,31
788	14.05.2025 09:30:00	10,35	27,91	31,34	1482,31
789	14.05.2025 10:00:00	10,51	27,92	31,47	1482,91
790	14.05.2025 10:30:00	10,58	27,90	31,50	1483,13
791	14.05.2025 11:00:00	10,71	27,90	31,60	1483,59
792	14.05.2025 11:30:00	10,93	27,86	31,74	1484,36
793	14.05.2025 12:00:00	11,06	27,80	31,77	1484,74
794	14.05.2025 12:30:00	11,09	27,81	31,81	1484,86
795	14.05.2025 13:00:00	11,32	27,80	31,97	1485,65
796	14.05.2025 13:30:00	11,54	27,76	32,11	1486,40
797	14.05.2025 14:00:00	11,57	27,77	32,14	1486,52
798	14.05.2025 14:30:00	11,99	27,78	32,47	1487,98
799	14.05.2025 15:00:00	12,36	27,78	32,77	1489,31
800	14.05.2025 15:30:00	12,21	27,74	32,61	1488,71
801	14.05.2025 16:00:00	12,18	27,76	32,61	1488,63
802	14.05.2025 16:30:00	11,89	27,82	32,44	1487,70
803	14.05.2025 17:00:00	11,70	27,74	32,21	1486,93
804	14.05.2025 17:30:00	11,83	27,80	32,37	1487,46
805	14.05.2025 18:00:00	11,76	27,85	32,37	1487,29
806	14.05.2025 18:30:00	10,51	27,95	31,50	1482,95
807	14.05.2025 19:00:00	10,45	28,03	31,53	1482,82
808	14.05.2025 19:30:00	10,35	28,01	31,43	1482,43
809	14.05.2025 20:00:00	10,28	28,03	31,40	1482,22
810	14.05.2025 20:30:00	10,51	28,02	31,57	1483,03
811	14.05.2025 21:00:00	10,58	28,03	31,63	1483,28
812	14.05.2025 21:30:00	10,54	27,99	31,57	1483,12
813	14.05.2025 22:00:00	10,48	28,01	31,53	1482,90
814	14.05.2025 22:30:00	10,02	28,09	31,26	1481,35
815	14.05.2025 23:00:00	10,22	28,08	31,40	1482,04
816	14.05.2025 23:30:00	10,28	28,03	31,40	1482,22
817	15.05.2025 00:00:00	10,25	28,02	31,37	1482,09
818	15.05.2025 00:30:00	10,22	27,98	31,30	1481,92
819	15.05.2025 01:00:00	10,22	27,98	31,30	1481,92
820	15.05.2025 01:30:00	10,22	27,95	31,27	1481,88
821	15.05.2025 02:00:00	10,02	28,03	31,20	1481,27
822	15.05.2025 02:30:00	10,67	27,99	31,67	1483,58
823	15.05.2025 03:00:00	10,71	27,94	31,64	1483,63
824	15.05.2025 03:30:00	10,71	27,81	31,50	1483,48
825	15.05.2025 04:00:00	10,58	26,69	30,26	1481,64
826	15.05.2025 04:30:00	10,54	26,53	30,07	1481,31
827	15.05.2025 05:00:00	10,54	26,53	30,07	1481,31
828	15.05.2025 05:30:00	10,51	27,41	30,95	1482,28
829	15.05.2025 06:00:00	10,45	27,49	30,98	1482,15
830	15.05.2025 06:30:00	10,25	27,70	31,04	1481,69
831	15.05.2025 07:00:00	10,19	27,81	31,10	1481,59
832	15.05.2025 07:30:00	10,15	27,90	31,17	1481,58
833	15.05.2025 08:00:00	10,22	27,91	31,23	1481,84
834	15.05.2025 08:30:00	10,12	27,92	31,17	1481,49
835	15.05.2025 09:00:00	10,15	27,93	31,20	1481,62
836	15.05.2025 09:30:00	10,12	27,96	31,20	1481,53
837	15.05.2025 10:00:00	10,15	27,93	31,20	1481,62
838	15.05.2025 10:30:00	10,15	27,93	31,20	1481,62
839	15.05.2025 11:00:00	10,15	27,96	31,23	1481,66
840	15.05.2025 11:30:00	10,25	27,92	31,27	1481,97
841	15.05.2025 12:00:00	10,25	27,92	31,27	1481,97
842	15.05.2025 12:30:00	10,28	27,90	31,27	1482,06
843	15.05.2025 13:00:00	10,28	27,90	31,27	1482,06
844	15.05.2025 13:30:00	10,28	27,90	31,27	1482,06
845	15.05.2025 14:00:00	10,15	27,93	31,20	1481,62
846	15.05.2025 14:30:00	10,15	28,00	31,27	1481,70
847	15.05.2025 15:00:00	10,25	27,99	31,33	1482,05
848	15.05.2025 15:30:00	10,25	28,02	31,37	1482,09
849	15.05.2025 16:00:00	10,48	27,98	31,50	1482,86
850	15.05.2025 16:30:00	10,48	27,94	31,47	1482,82
851	15.05.2025 17:00:00	10,48	27,94	31,47	1482,82
852	15.05.2025 17:30:00	10,51	27,89	31,44	1482,87
853	15.05.2025 18:00:00	10,38	27,92	31,37	1482,44
854	15.05.2025 18:30:00	10,28	27,96	31,33	1482,14
855	15.05.2025 19:00:00	10,25	27,99	31,33	1482,05
856	15.05.2025 19:30:00	10,12	28,02	31,27	1481,61
857	15.05.2025 20:00:00	10,15	28,03	31,30	1481,74
858	15.05.2025 20:30:00	10,12	28,05	31,30	1481,65
859	15.05.2025 21:00:00	10,12	28,02	31,27	1481,61
860	15.05.2025 21:30:00	10,02	28,03	31,20	1481,27
861	15.05.2025 22:00:00	10,02	28,03	31,20	1481,27
862	15.05.2025 22:30:00	10,02	28,06	31,23	1481,31
863	15.05.2025 23:00:00	9,99	28,05	31,20	1481,18
864	15.05.2025 23:30:00	10,02	28,03	31,20	1481,27
865	16.05.2025 00:00:00	10,02	28,03	31,20	1481,27
866	16.05.2025 00:30:00	10,06	28,04	31,23	1481,40
867	16.05.2025 01:00:00	10,02	28,03	31,20	1481,27
868	16.05.2025 01:30:00	10,02	28,03	31,20	1481,27
869	16.05.2025 02:00:00	10,02	28,03	31,20	1481,27
870	16.05.2025 02:30:00	10,02	28,03	31,20	1481,27
871	16.05.2025 03:00:00	10,02	28,03	31,20	1481,27
872	16.05.2025 03:30:00	9,83	28,08	31,10	1480,61
873	16.05.2025 04:00:00	9,83	28,15	31,16	1480,69
874	16.05.2025 04:30:00	9,86	28,15	31,20	1480,82
875	16.05.2025 05:00:00	9,89	28,13	31,20	1480,91
876	16.05.2025 05:30:00	9,89	27,61	30,67	1480,27
877	16.05.2025 06:00:00	9,86	27,24	30,28	1479,69
878	16.05.2025 06:30:00	9,86	27,34	30,38	1479,81
879	16.05.2025 07:00:00	9,83	27,59	30,61	1480,00
880	16.05.2025 07:30:00	9,80	27,85	30,84	1480,20
881	16.05.2025 08:00:00	9,80	27,94	30,93	1480,32
882	16.05.2025 08:30:00	9,83	27,98	31,00	1480,49
883	16.05.2025 09:00:00	9,83	27,98	31,00	1480,49
884	16.05.2025 09:30:00	9,83	27,98	31,00	1480,49
885	16.05.2025 10:00:00	9,83	27,98	31,00	1480,49
886	16.05.2025 10:30:00	9,83	27,98	31,00	1480,49
887	16.05.2025 11:00:00	9,83	27,98	31,00	1480,49
888	16.05.2025 11:30:00	9,83	27,98	31,00	1480,49
889	16.05.2025 12:00:00	9,83	27,98	31,00	1480,49
890	16.05.2025 12:30:00	9,86	28,02	31,06	1480,66
891	16.05.2025 13:00:00	9,86	27,99	31,03	1480,62
892	16.05.2025 13:30:00	9,86	28,02	31,06	1480,66
893	16.05.2025 14:00:00	9,93	28,01	31,10	1480,88
894	16.05.2025 14:30:00	9,80	28,04	31,03	1480,44
895	16.05.2025 15:00:00	9,86	28,02	31,06	1480,66
896	16.05.2025 15:30:00	9,83	28,05	31,06	1480,57
897	16.05.2025 16:00:00	9,89	28,06	31,13	1480,83
898	16.05.2025 16:30:00	9,96	28,05	31,16	1481,05
899	16.05.2025 17:00:00	9,99	27,99	31,13	1481,10
900	16.05.2025 17:30:00	10,02	27,96	31,13	1481,19
901	16.05.2025 18:00:00	10,02	27,96	31,13	1481,19
902	16.05.2025 18:30:00	10,02	27,93	31,10	1481,15
903	16.05.2025 19:00:00	9,93	27,94	31,03	1480,80
904	16.05.2025 19:30:00	9,86	27,93	30,97	1480,54
905	16.05.2025 20:00:00	9,86	27,93	30,97	1480,54
906	16.05.2025 20:30:00	9,86	27,96	31,00	1480,58
907	16.05.2025 21:00:00	9,86	27,96	31,00	1480,58
908	16.05.2025 21:30:00	9,86	27,96	31,00	1480,58
909	16.05.2025 22:00:00	9,86	27,93	30,97	1480,54
910	16.05.2025 22:30:00	9,83	27,95	30,97	1480,45
911	16.05.2025 23:00:00	9,83	27,95	30,97	1480,45
912	16.05.2025 23:30:00	9,83	27,95	30,97	1480,45
913	17.05.2025 00:00:00	9,83	27,95	30,97	1480,45
914	17.05.2025 00:30:00	9,83	27,98	31,00	1480,49
915	17.05.2025 01:00:00	9,86	27,96	31,00	1480,58
916	17.05.2025 01:30:00	9,86	27,93	30,97	1480,54
917	17.05.2025 02:00:00	9,83	27,95	30,97	1480,45
918	17.05.2025 02:30:00	9,86	27,89	30,93	1480,50
919	17.05.2025 03:00:00	9,83	27,92	30,93	1480,41
920	17.05.2025 03:30:00	9,83	27,92	30,93	1480,41
921	17.05.2025 04:00:00	9,63	28,03	30,90	1479,82
922	17.05.2025 04:30:00	9,57	28,05	30,86	1479,60
923	17.05.2025 05:00:00	9,50	28,10	30,86	1479,42
924	17.05.2025 05:30:00	9,57	28,12	30,93	1479,68
925	17.05.2025 06:00:00	9,63	28,00	30,86	1479,78
926	17.05.2025 06:30:00	9,86	26,53	29,56	1478,81
927	17.05.2025 07:00:00	9,73	26,79	29,72	1478,64
928	17.05.2025 07:30:00	9,63	27,48	30,34	1479,13
929	17.05.2025 08:00:00	9,63	27,71	30,57	1479,42
930	17.05.2025 08:30:00	9,63	27,74	30,60	1479,46
931	17.05.2025 09:00:00	9,63	27,74	30,60	1479,46
932	17.05.2025 09:30:00	9,76	27,38	30,35	1479,50
933	17.05.2025 10:00:00	9,80	27,13	30,12	1479,31
934	17.05.2025 10:30:00	9,80	27,03	30,02	1479,19
935	17.05.2025 11:00:00	9,76	27,15	30,12	1479,22
936	17.05.2025 11:30:00	9,73	27,37	30,31	1479,37
937	17.05.2025 12:00:00	9,70	27,69	30,61	1479,64
938	17.05.2025 12:30:00	9,70	27,76	30,67	1479,72
939	17.05.2025 13:00:00	9,73	27,76	30,70	1479,85
940	17.05.2025 13:30:00	9,80	27,78	30,77	1480,12
941	17.05.2025 14:00:00	9,80	27,78	30,77	1480,12
942	17.05.2025 14:30:00	9,83	27,76	30,77	1480,21
943	17.05.2025 15:00:00	9,76	27,84	30,80	1480,06
944	17.05.2025 15:30:00	9,76	27,87	30,83	1480,11
945	17.05.2025 16:00:00	9,83	27,85	30,87	1480,33
946	17.05.2025 16:30:00	9,80	27,88	30,87	1480,24
947	17.05.2025 17:00:00	9,83	27,85	30,87	1480,33
948	17.05.2025 17:30:00	9,83	27,85	30,87	1480,33
949	17.05.2025 18:00:00	9,86	27,86	30,90	1480,46
950	17.05.2025 18:30:00	9,89	27,80	30,87	1480,51
951	17.05.2025 19:00:00	9,89	27,80	30,87	1480,51
952	17.05.2025 19:30:00	9,89	27,84	30,90	1480,55
953	17.05.2025 20:00:00	9,73	27,96	30,90	1480,10
954	17.05.2025 20:30:00	9,73	27,99	30,93	1480,14
955	17.05.2025 21:00:00	9,73	27,99	30,93	1480,14
956	17.05.2025 21:30:00	9,73	27,96	30,90	1480,10
957	17.05.2025 22:00:00	9,70	27,95	30,87	1479,96
958	17.05.2025 22:30:00	9,70	27,98	30,90	1480,00
959	17.05.2025 23:00:00	9,66	27,98	30,87	1479,87
960	17.05.2025 23:30:00	9,70	27,95	30,87	1479,96
961	18.05.2025 00:00:00	9,66	27,98	30,87	1479,87
962	18.05.2025 00:30:00	9,63	27,97	30,83	1479,74
963	18.05.2025 01:00:00	9,63	27,97	30,83	1479,74
964	18.05.2025 01:30:00	9,76	27,97	30,93	1480,23
965	18.05.2025 02:00:00	9,76	27,97	30,93	1480,23
966	18.05.2025 02:30:00	9,73	27,93	30,87	1480,06
967	18.05.2025 03:00:00	9,70	27,95	30,87	1479,96
968	18.05.2025 03:30:00	9,70	27,92	30,83	1479,92
969	18.05.2025 04:00:00	9,70	27,92	30,83	1479,92
970	18.05.2025 04:30:00	9,63	27,90	30,77	1479,66
971	18.05.2025 05:00:00	9,60	27,93	30,77	1479,57
972	18.05.2025 05:30:00	9,60	27,93	30,77	1479,57
973	18.05.2025 06:00:00	9,60	27,93	30,77	1479,57
974	18.05.2025 06:30:00	9,60	27,47	30,31	1479,00
975	18.05.2025 07:00:00	9,83	26,20	29,20	1478,28
976	18.05.2025 07:30:00	9,76	25,50	28,45	1477,17
977	18.05.2025 08:00:00	9,80	26,42	29,40	1478,42
978	18.05.2025 08:30:00	9,83	26,62	29,63	1478,80
979	18.05.2025 09:00:00	9,83	27,20	30,22	1479,52
980	18.05.2025 09:30:00	9,83	27,46	30,48	1479,84
981	18.05.2025 10:00:00	9,83	27,59	30,61	1480,00
982	18.05.2025 10:30:00	9,86	27,57	30,61	1480,10
983	18.05.2025 11:00:00	10,02	27,58	30,74	1480,71
984	18.05.2025 11:30:00	10,41	27,26	30,72	1481,74
985	18.05.2025 12:00:00	10,19	27,36	30,65	1481,04
986	18.05.2025 12:30:00	10,02	27,54	30,71	1480,67
987	18.05.2025 13:00:00	10,15	27,58	30,84	1481,19
988	18.05.2025 13:30:00	10,22	27,53	30,84	1481,36
989	18.05.2025 14:00:00	10,19	27,59	30,88	1481,31
990	18.05.2025 14:30:00	10,25	27,57	30,91	1481,53
991	18.05.2025 15:00:00	10,25	27,57	30,91	1481,53
992	18.05.2025 15:30:00	10,32	27,62	31,01	1481,83
993	18.05.2025 16:00:00	10,48	27,66	31,17	1482,47
994	18.05.2025 16:30:00	10,67	27,61	31,28	1483,11
995	18.05.2025 17:00:00	10,67	27,64	31,31	1483,15
996	18.05.2025 17:30:00	11,09	26,36	30,31	1483,09
997	18.05.2025 18:00:00	11,09	26,36	30,31	1483,09
998	18.05.2025 18:30:00	11,00	26,52	30,40	1482,94
999	18.05.2025 19:00:00	10,96	26,61	30,47	1482,93
1000	18.05.2025 19:30:00	10,74	27,12	30,82	1482,74
1001	18.05.2025 20:00:00	10,54	27,35	30,92	1482,33
1002	18.05.2025 20:30:00	10,38	27,47	30,91	1481,89
1003	18.05.2025 21:00:00	10,25	27,60	30,94	1481,57
1004	18.05.2025 21:30:00	10,25	27,63	30,97	1481,61
1005	18.05.2025 22:00:00	10,15	27,67	30,94	1481,30
1006	18.05.2025 22:30:00	10,12	27,70	30,94	1481,22
1007	18.05.2025 23:00:00	10,09	27,72	30,94	1481,13
1008	18.05.2025 23:30:00	10,09	27,72	30,94	1481,13
1009	19.05.2025 00:00:00	10,02	27,74	30,91	1480,91
1010	19.05.2025 00:30:00	10,02	27,77	30,94	1480,95
1011	19.05.2025 01:00:00	9,96	27,75	30,87	1480,69
1012	19.05.2025 01:30:00	9,86	27,83	30,87	1480,42
1013	19.05.2025 02:00:00	10,02	27,80	30,97	1480,99
1014	19.05.2025 02:30:00	10,09	27,79	31,00	1481,21
1015	19.05.2025 03:00:00	10,06	27,75	30,94	1481,04
1016	19.05.2025 03:30:00	10,02	27,77	30,94	1480,95
1017	19.05.2025 04:00:00	10,02	27,74	30,91	1480,91
1018	19.05.2025 04:30:00	9,99	27,73	30,87	1480,78
1019	19.05.2025 05:00:00	9,93	27,71	30,81	1480,52
1020	19.05.2025 05:30:00	9,93	27,71	30,81	1480,52
1021	19.05.2025 06:00:00	9,96	27,72	30,84	1480,65
1022	19.05.2025 06:30:00	9,96	27,72	30,84	1480,65
1023	19.05.2025 07:00:00	9,93	27,68	30,77	1480,48
1024	19.05.2025 07:30:00	9,96	27,69	30,81	1480,61
1025	19.05.2025 08:00:00	9,99	27,70	30,84	1480,74
1026	19.05.2025 08:30:00	9,96	27,72	30,84	1480,65
1027	19.05.2025 09:00:00	9,99	27,73	30,87	1480,78
1028	19.05.2025 09:30:00	10,02	27,35	30,51	1480,43
1029	19.05.2025 10:00:00	10,02	27,32	30,48	1480,39
1030	19.05.2025 10:30:00	10,06	27,46	30,64	1480,68
1031	19.05.2025 11:00:00	10,12	27,44	30,68	1480,90
1032	19.05.2025 11:30:00	10,09	27,59	30,81	1480,97
1033	19.05.2025 12:00:00	10,12	27,63	30,87	1481,14
1034	19.05.2025 12:30:00	10,09	27,69	30,91	1481,09
1035	19.05.2025 13:00:00	10,02	27,74	30,91	1480,91
1036	19.05.2025 13:30:00	10,02	27,74	30,91	1480,91
